,formula,defectid,site,Eb_sum,Vr_max,Eg,Ev,Ehull
196,Ba1Fe1O3,0115344,1,,,0.6255,0.5393,0.0
197,Ba1Fe1O3,0115344,2,,,0.6255,0.5346,0.0
198,Ba1Fe1O3,0115344,3,,,0.6255,0.2815,0.0
199,Ba1Fe1O3,0115344,4,,,0.6255,0.4659,0.0
200,Ba1Fe1O3,0115344,5,,,0.6255,1.0307,0.0
201,Ba1Fe1O3,0115344,6,,,0.6255,1.2079,0.0
202,Ba1Fe1O3,0115344,7,,,0.6255,1.2223,0.0
203,Ba1Fe1O3,0115344,8,,,0.6255,1.1015,0.0
204,Ba1Fe1O3,0115344,9,,,0.6255,1.2119,0.0
205,Ba1Fe1O3,0115344,10,,-1.2626789622871115,0.6255,0.8996,0.0
216,Ba1Mn3O6,0117270,11,,,0.0939,1.2961,0.0
217,Ba1Mn3O6,0117270,12,,,0.0939,1.4482,0.0
244,Co1O3Sr1,0136293,1,,,0.4887,2.4789,0.0
245,Co1O3Sr1,0136293,2,,,0.4887,2.8649,0.0
246,Co1O3Sr1,0136293,3,,,0.4887,2.7913,0.0
247,Co1O3Sr1,0136293,4,,,0.4887,3.1962,0.0
248,Co1O3Sr1,0136293,5,,0.11329416,0.4887,2.8475,0.0
249,Co1O3Sr1,0136293,6,,,0.4887,2.38,0.0
250,Co1O3Sr1,0136293,7,,,0.4887,2.4032,0.0
251,Co1O3Sr1,0136293,8,,,0.4887,2.3349,0.0
257,Fe1O4Sr2,0142463,1,,,0.2288,1.9858,0.0
258,Fe1O4Sr2,0142463,2,,,0.2288,2.2501,0.0
296,Fe1O3Sr1,0159544,1,,,0.0467,0.934,0.0
297,Fe2O7Sr3,0159759,1,,,0.0367,1.0297,0.0
298,Fe2O7Sr3,0159759,2,,,0.0367,1.6842,0.0
299,Fe2O7Sr3,0159759,3,,,0.0367,0.5224,0.0
306,Ba2Fe1O4,0169441,1,,,0.7901,2.2037,0.0
307,Ba2Fe1O4,0169441,2,,,0.7901,2.4015,0.0
308,Ba2Fe1O4,0169441,3,,,0.7901,2.6558,0.0
309,Ba2Fe1O4,0169441,4,,,0.7901,2.7749,0.0
341,Ba3Mn2O8,0184694,1,,,1.7229,3.2896,0.0
342,Ba3Mn2O8,0184694,2,,,1.7229,3.2502,0.0
413,Ba5Co5O14,0185107,1,,,0.9572,1.4104,0.0
414,Ba5Co5O14,0185107,2,,,0.9572,1.6794,0.0
415,Ba5Co5O14,0185107,3,,,0.9572,1.6998,0.0
422,Ba3Fe1O5,0185205,1,,,0.2794,2.6054,0.0
423,Ba3Fe1O5,0185205,2,,,0.2794,2.8479,0.0
424,Ba3Fe1O5,0185205,3,,,0.2794,2.2623,0.0
426,Ba1Mn2O8,0185408,1,,,1.732,0.6038,0.0
427,Ba1Mn2O8,0185408,2,,,1.732,1.712,0.0
